[header.JPG]
filters=dir_tint=1,0.562092,0.198039,0.157895,0.000000,ff040000,0;
moddate=97b38b041f31d201
width=1900
height=1268
textactive=0
[cunylogo.jpg]
filters=ansel=1,ffffffff;
moddate=34c76f40dc31d201
width=325
height=230
textactive=0
[header.1.jpg]
filters=enhance=1;crop64=1,fd2eaabcd6eae3;finetune2=1,0.000000,0.000000,0.000000,00000000,1.000000;warm=1;
crop=rect64(fd2eaabcd6eae3)
moddate=67c5f230d936d201
width=5184
height=3456
textactive=0
