[3.jpg]
filters=finetune2=1,0.000000,0.000000,0.000000,00000000,1.000000;PicnikGrain=1,19.298244,0;
moddate=4cc72b20682fd301
width=650
height=350
textactive=0
